var1	1	2	0.008176210844103
var1	2	3	0.001170787865022
var1	3	4	0.000605450255681
var1	4	5	0.000382574364459
var1	5	6	0.00117855969025
var1	6	7	0.004445985438608
var1	7	8	6.26760099048152E-06
var1	8	9	0.001512246766983
var1	9	10	0.002124215327694
var1	10	11	1.50422423771556E-06
var1	11	12	3.00844847543113E-06
var1	12	13	0.002513057293143
var1	13	14	0.000218112514469
var1	14	15	0.001814094430685
var1	15	16	0.000320149058594
var1	16	17	2.25633635657335E-06
var1	17	18	0.004439968541657
var1	18	19	1.00281615847704E-06
var1	19	20	0.001987581626102
var1	20	21	0.000970726041406
var1	21	22	0.008146377063388
var1	22	23	0.001631832593882
var1	23	24	1.00281615847704E-06
var1	24	25	1.00281615847704E-06
var1	25	26	0.002158561781122
var1	26	27	0.000776430410701
var1	27	28	1.50422423771556E-06
var1	28	29	2.25633635657335E-06
var1	29	30	0.000465557401573
var1	30	31	2.00563231695409E-05
var1	31	32	7.77182522819708E-06
var1	32	33	2.00563231695409E-06
var1	33	34	0.002360127828976
var1	34	35	1.75492827733483E-06
var1	35	36	3.76056059428891E-06
var1	36	37	0.003694625431869
var1	37	38	0.005867477343249
var1	38	39	1.02788656243897E-05
var1	39	40	0.002547905154651
var1	40	41	6.51830503010078E-06
var1	41	42	5.766192911243E-06
var1	42	43	0.000693447373587
var1	43	44	7.27041714895856E-06
var1	44	45	1.50422423771556E-06
var1	45	46	0.001361824343212
var1	46	47	0.000600436174888
var1	47	48	1.75492827733483E-06
var1	48	49	6.81914987764389E-05
var1	49	50	2.50704039619261E-06
var1	50	51	3.81070140221276E-05
var1	51	52	2.00563231695409E-06
var1	52	53	3.83577180617469E-05
var1	53	54	1.00281615847704E-06
var1	54	55	4.01126463390817E-06
var1	55	56	0.00180431697314
var1	56	57	8.02252926781635E-06
var1	57	58	1.8301394892206E-05
var1	58	59	7.52112118857782E-07
var1	59	60	0.000233656164925
var1	60	61	0.000980503498951
var1	61	62	0.017645302420523
var1	62	63	8.02252926781635E-06
var1	63	64	3.00844847543113E-06
var1	64	65	2.75774443581187E-06
var1	65	66	0.008812246992617
var1	66	67	7.52112118857782E-07
var1	67	68	4.51267271314669E-06
var1	68	69	1.50422423771556E-06
var1	69	70	8.02252926781635E-06
var1	70	71	7.06985391726315E-05
var1	71	72	3.03351887939306E-05
var1	72	73	0.000120087234978
var1	73	74	1.2535201980963E-06
var1	74	75	1.0529569664009E-05
var1	75	76	0.000281791340532
var1	76	77	3.00844847543113E-06
var1	77	78	2.70760362788802E-05
var1	78	79	6.26760099048152E-06
var1	79	80	5.51548887162374E-06
var1	80	81	7.54619159253975E-05
var1	81	82	0.000554306631598
var1	82	83	0.000117329490542
var1	83	84	0.003529912877839
var1	84	85	0.020691356501897
var1	85	86	1.07802737036282E-05
var1	86	87	4.01126463390817E-06
var1	87	88	1.00281615847704E-06
var1	88	89	0.029711186439318
var1	89	90	0.00145533694999
var1	90	91	1.75492827733483E-06
var1	91	92	0.000889497932569
var1	92	93	0.000125853427889
var1	93	94	1.65464666148712E-05
var1	94	95	0.00146185525502
var1	95	96	0.010321736015165
var1	96	97	0.00208711112983
var1	97	98	0.002610581164555
var1	98	99	0.004226619403941
var1	99	100	0.000507424976189
var1	100	101	2.75774443581187E-06
var1	101	102	8.1729516915879E-05
var1	102	103	5.39013685181411E-05
var1	103	104	3.50985655466965E-06
var1	104	105	1.80506908525868E-05
var1	105	106	0.000372796906914
var1	106	107	0.001295387772713
var1	107	108	0.000101284432006
var1	108	109	0.001263046951602
var1	109	110	1.00281615847704E-06
var1	110	111	0.000759382536007
var1	111	112	1.50422423771556E-06
var1	112	113	1.50422423771556E-06
var1	113	114	4.76337675276596E-06
var1	114	115	4.01126463390817E-06
var1	115	116	0.005959987133869
var1	116	117	4.08647584579395E-05
var1	117	118	5.8664745270907E-05
var1	118	119	1.00281615847704E-06
var1	119	120	1.50422423771556E-06
var1	120	121	1.00281615847704E-06
var1	121	122	6.01689695086226E-06
var1	122	123	2.00563231695409E-06
var1	123	124	0.005397657973003
var1	124	125	1.2535201980963E-06
var1	125	126	0.000392602526044
var1	126	127	0.000115073154185
var1	127	128	2.83295564769765E-05
var1	128	129	0.008550762679294
var1	129	130	0.002070063255136
var1	130	131	0.000265244873917
var1	131	132	0.000133123845038
var1	132	133	5.23971442804255E-05
var1	133	134	0.000128109764245
var1	134	135	0.797092685534151
var1	135	136	0.000132371732919
var1	136	137	0.004621227562302
var1	137	138	1.00281615847704E-06
var1	138	139	1.50422423771556E-06
var1	139	140	1.40394262186786E-05
var1	140	141	4.08647584579395E-05
var1	141	142	3.13380049524076E-05

