var1	1	2	0.001142
var1	2	3	0.000165
var1	3	4	0.000565
var1	4	5	0.000238
var1	5	6	0.084431
var1	6	7	0.001396
var1	7	8	4.6E-05
var1	8	9	0.00025
var1	9	10	0.000452
var1	10	11	3E-05
var1	11	12	8.7E-05
var1	12	13	0.000238
var1	13	14	3.4E-05
var1	14	15	0.000244
var1	15	16	4.3E-05
var1	16	17	5.8E-05
var1	17	18	0.002113
var1	18	19	3.8E-05
var1	19	20	0.000239
var1	20	21	6E-05
var1	21	22	0.000694
var1	22	23	0.00028
var1	23	24	4E-05
var1	24	25	4.6E-05
var1	25	26	0.000471
var1	26	27	0.000171
var1	27	28	6.9E-05
var1	28	29	9.5E-05
var1	29	30	3.3E-05
var1	30	31	0.000968
var1	31	32	0.000693
var1	32	33	0.000138
var1	33	34	0.000334
var1	34	35	0.000168
var1	35	36	5E-05
var1	36	37	0.000549
var1	37	38	0.000406
var1	38	39	6.7E-05
var1	39	40	0.133517
var1	40	41	0.000273
var1	41	42	0.000372
var1	42	43	4.9E-05
var1	43	44	4.5E-05
var1	44	45	0.000105
var1	45	46	0.000122
var1	46	47	7.7E-05
var1	47	48	0.00014
var1	48	49	0.005803
var1	49	50	0.000486
var1	50	51	0.003323
var1	51	52	4.8E-05
var1	52	53	6.1E-05
var1	53	54	2.6E-05
var1	54	55	0.000369
var1	55	56	0.156684
var1	56	57	0.000618
var1	57	58	0.001279
var1	58	59	0.000222
var1	59	60	0.020367
var1	60	61	0.07521
var1	61	62	0.00197
var1	62	63	0.000243
var1	63	64	0.000117
var1	64	65	0.000102
var1	65	66	0.000795
var1	66	67	5E-05
var1	67	68	0.000198
var1	68	69	9.7E-05
var1	69	70	0.000261
var1	70	71	0.002608
var1	71	72	0.001572
var1	72	73	0.007591
var1	73	74	0.000109
var1	74	75	0.000331
var1	75	76	2.8E-05
var1	76	77	0.000132
var1	77	78	0.000105
var1	78	79	0.002136
var1	79	80	7.1E-05
var1	80	81	0.000205
var1	81	82	0.000266
var1	82	83	0.00011
var1	83	84	0.000684
var1	84	85	0.003918
var1	85	86	8.2E-05
var1	86	87	0.000987
var1	87	88	0.000114
var1	88	89	0.003731
var1	89	90	0.000282
var1	90	91	7.9E-05
var1	91	92	0.000155
var1	92	93	4.1E-05
var1	93	94	0.001177
var1	94	95	0.000286
var1	95	96	0.000793
var1	96	97	0.000139
var1	97	98	0.000325
var1	98	99	0.000257
var1	99	100	3.8E-05
var1	100	101	0.000167
var1	101	102	0.00207
var1	102	103	0.004096
var1	103	104	0.000137
var1	104	105	0.000965
var1	105	106	4.3E-05
var1	106	107	0.000102
var1	107	108	0.004513
var1	108	109	0.070636
var1	109	110	3.6E-05
var1	110	111	0.000106
var1	111	112	3.6E-05
var1	112	113	9.2E-05
var1	113	114	0.000183
var1	114	115	0.000155
var1	115	116	0.000545
var1	116	117	0.003317
var1	117	118	3.3E-05
var1	118	119	5.7E-05
var1	119	120	0.000121
var1	120	121	4.9E-05
var1	121	122	0.001006
var1	122	123	0.000115
var1	123	124	0.000536
var1	124	125	7.1E-05
var1	125	126	0.000314
var1	126	127	6.6E-05
var1	127	128	0.000166
var1	128	129	0.00177
var1	129	130	0.000204
var1	130	131	3.9E-05
var1	131	132	7.2E-05
var1	132	133	0.002704
var1	133	134	0.008104
var1	134	135	0.055886
var1	135	136	0.008653
var1	136	137	0.303371
var1	137	138	4.7E-05
var1	138	139	0.000118
var1	139	140	0.000602
var1	140	141	5.6E-05
var1	141	142	0.000119

