	var1	1	2	0
var1	2	3	0
var1	3	4	0
var1	4	5	0
var1	5	6	0
var1	6	7	0
var1	7	8	0
var1	8	9	1
var1	9	10	1
var1	10	11	0
var1	11	12	0
var1	12	13	0
var1	13	14	0
var1	14	15	1
var1	15	16	0
var1	16	17	0
var1	17	18	1
var1	18	19	0
var1	19	20	0
var1	20	21	0
var1	21	22	1
var1	22	23	1
var1	23	24	0
var1	24	25	0
var1	25	26	0
var1	26	27	1
var1	27	28	0
var1	28	29	0
var1	29	30	0
var1	30	31	0
var1	31	32	0
var1	32	33	0
var1	33	34	0
var1	34	35	0
var1	35	36	0
var1	36	37	1
var1	37	38	1
var1	38	39	0
var1	39	40	0
var1	40	41	0
var1	41	42	0
var1	42	43	0
var1	43	44	0
var1	44	45	0
var1	45	46	0
var1	46	47	0
var1	47	48	0
var1	48	49	0
var1	49	50	0
var1	50	51	0
var1	51	52	0
var1	52	53	1
var1	53	54	0
var1	54	55	0
var1	55	56	0
var1	56	57	0
var1	57	58	0
var1	58	59	0
var1	59	60	0
var1	60	61	0
var1	61	62	0
var1	62	63	0
var1	63	64	0
var1	64	65	0
var1	65	66	0
var1	66	67	0
var1	67	68	0
var1	68	69	0
var1	69	70	0
var1	70	71	0
var1	71	72	0
var1	72	73	0
var1	73	74	0
var1	74	75	0
var1	75	76	0
var1	76	77	0
var1	77	78	0
var1	78	79	0
var1	79	80	0
var1	80	81	0
var1	81	82	1
var1	82	83	1
var1	83	84	1
var1	84	85	0
var1	85	86	0
var1	86	87	0
var1	87	88	0
var1	88	89	1
var1	89	90	0
var1	90	91	1
var1	91	92	0
var1	92	93	0
var1	93	94	0
var1	94	95	0
var1	95	96	0

